%YAML:1.0
calibration_time: "Wed Apr 18 00:29:58 2012"
image_width: 1280
image_height: 720
board_width: 8
board_height: 5
square_size: 1.
flags: 0
camera_matrix: !!opencv-matrix
   rows: 3
   cols: 3
   dt: d
   data: [ 9.8519920533248728e+02, 0., 6.3855446891811812e+02, 0.,
       9.8890679500708472e+02, 3.6109373151816021e+02, 0., 0., 1. ]
distortion_coefficients: !!opencv-matrix
   rows: 5
   cols: 1
   dt: d
   data: [ -1.8543589470473218e-01, 5.9627971053004869e-01,
       3.3091593359972763e-03, -1.3846777725374246e-03,
       -7.7041303098132452e-01 ]
avg_reprojection_error: 4.4788976818816906e-01
